30 40
5  5552 5 5 50   1  3  5  2  1
   55    55 5 55 55   5 5     
552  555  3 5    5     4 5 2  
  5  551    1   5  5 5  5  51 
 5    1 555  5    5    55     
05 5 50 0  5   15 5  55 3   5 
55  1     5 5 2551    5   5 55
 152  555  5555555    5   5 55
     5       2 5  3 5   5 5 5 
   1 5 555 55       5 5555 5 5
5  5555 550    0  5 5 51 55 55
   0   2    5 1 1         2 55
2550 55551 3  5 1 5      5  5 
 5       52 55      2     5555
3      5555 5 5 55   3   1    
   50 51 5 5  5 5 5  55155   1
 51         5  4  5          1
0 55       55   50      1  5  
  15    2 555 5   55      551 
   55         555 55  2   5  5
 5   5550 2   55 5 5 5 55  55 
 255  1 5 51  5  52    5521   
  5 5552 55   2   5 55  3   1 
5 5   55 55    3 5    5    555
5        55 5   3 215   5   55
  2  5 5 5155    5   51550    
551  5     50 5  5   0     51 
   5 0  0 55    2 5550   5 505
  5   5    0    5555   2 15   
 5        25      0 5515  1 5 
1   55 55  2      5  5  0 0 55
505  0 55   2     52        50
 3  5515 5 5 555  2  01       
     5    5  5 1 5     5  0   
5155    5  2 555   1055      5
     05555 550   555 1  1 51  
 551 3  55 1    0     5 52   5
 5555   2   0   52  2 5   4   
 5555     1  55   5 5 55 5 5  
150  55     51    55  5 5 5 2 